"","A","B","C","D","E","F","G","H","I","J"
"1",16.6826630913668,16.4265566396505,20.1681559402638,20.2401476474968,16.8103600857614,16.3420098842587,20.1522576332514,19.4942884168599,20.7471342745093,19.776756469257
"2",19.3928651360839,20.0943308459037,23.4035133545366,23.6283067111867,19.4197300871817,19.9033268420321,22.8394625146686,23.5342876882474,23.9423475079858,21.5603985884154
"3",13.5505132242815,14.1126325085094,17.8799283169865,17.9863368710078,14.7716290280538,14.2964428342425,18.5435914933036,17.8389003346567,18.3089503358732,16.8277692446282
"4",13.7413863995159,14.0102499390735,15.7046211831841,16.0892863693904,14.3565290446391,13.0748894945133,16.6959100549242,15.1573621943257,14.8646783565607,14.2172732471852
"5",17.9121141790978,17.6383263173149,19.3704812262648,19.7612508558009,17.1744283692526,16.5102738389184,17.81006030881,17.0095902649903,18.7588544887129,19.8785615900681
"6",14.9576542738966,15.4971799414093,16.9983990280352,17.45394571977,16.0840446351737,15.8601446915971,17.2327090316725,16.6059264380428,17.2166392988155,16.5924961806729
"7",11.7069163557972,11.7468500692846,14.1978945948223,14.2744084522811,12.3876069051497,12.5216602721776,14.0299069753951,13.8556185639924,13.4810667165427,12.5905706128296
"8",18.8628252986897,19.6773072294707,21.0376518817125,22.2261503388808,18.8290576122835,18.7822763865513,20.9455729952168,20.4622652282764,20.5454353636206,19.4988846519291
"9",13.7513700996358,13.0255165291269,16.2249155188932,15.2345969533584,14.9008982627647,14.7539133066586,16.6510021557902,16.4057784667836,15.218285974405,14.6440711711666
"10",26.40148518454,21.9610571302101,28.2197671385069,25.3305974291338,17.9784896887143,18.9998291761311,20.7906222929807,22.2052902930349,33.5914318432404,34.4746636816232
"11",16.9906130883516,17.2079351165402,20.3724268831706,20.0526213089041,17.0491957828932,16.485185046175,19.6272079215881,18.5555677893704,17.7248174154904,16.8262538943931
"12",15.3634103379086,14.8981680282533,18.1953532111559,18.4270931163907,15.8683091875736,16.0418862205935,18.7296312528875,18.3585030310329,16.9140929233848,15.3031222059464
"13",15.2243812123676,17.717308463623,17.2368416845009,18.8330981644633,16.3029189847641,16.5134374619381,17.4538946667252,18.1799792915983,21.4721848573999,21.0260400885461
"14",15.24423175799,17.2648712682019,18.0794816823703,18.3548809725375,15.1306573053748,15.4491830757786,17.2061619704264,17.0503138085325,17.7881826437186,16.8383333949595
