,1,2,3,4,5,6,7,8,9,10
0,18.657606448751615,27.170793009817505,14.509297105911262,17.67511741711844,15.525671617377338,22.93651272422879,24.443675607180435,23.71522832090865,21.50944422726764,12.114749899791665
1,26.74646964904755,23.56518523284386,18.426833507444933,26.82012360767262,15.035577411323992,15.922031690708241,60.89501095532103,35.92493343429753,45.16928200595557,15.11317113184526
2,31.281915740268598,14.214821185352262,23.856084696221856,16.461386558127757,22.16379077418185,25.19345193212542,33.86129709406535,28.407186566022084,36.96764046221166,19.753660961266533
3,12.996247790314875,12.622807955683934,12.391004347819276,25.545739573106108,30.30705707006537,19.594669597052757,40.68013344987557,19.317985923667155,37.09739473452701,23.02180901231229
4,18.80185815303972,23.861532911420145,20.165987271926355,18.957234933936743,25.54202392134869,30.96441511632981,26.83653148455376,25.515342516119844,27.870485814498547,22.56502161784989
5,20.804429349584083,18.748186955956456,17.960610367458738,23.399406206040386,35.404485396270786,26.25827522170748,34.392897640461086,30.94547553556058,26.388109180557354,28.300680450978895
6,30.581535973931302,17.820710724370134,27.90815255095255,23.094082956268274,41.661550120924765,22.506473819670845,29.53718722547453,18.887394928712432,14.203540318021485,30.366168606168927
7,19.39212244800681,19.41657799872439,18.590037281805966,13.584277534498776,18.224480380749874,19.893891552957946,32.635718655557184,19.391371216893234,19.59682328202619,16.065448799947365
8,21.777654664281634,13.80616216687926,14.786738074771655,17.876632219374915,36.37667923184882,15.481381173238162,32.56767669731185,18.807542641070228,21.00594869582207,22.893587069920056
9,16.67928799469356,16.899713029842395,31.201215360168614,19.60180012580909,24.915533417519907,20.076705446073998,37.64954099144834,22.03487093576254,0.0,21.073928897507553
10,15.574228478690006,18.23282884342011,18.513808573043807,17.835533435590207,24.41099429679954,28.67390864372293,37.056766900321264,18.744414649195253,0.0,13.45608319727709
11,71.17814839324555,66.75293082813133,49.515699738760105,26.39956020680283,27.140687765706353,73.66783135162616,66.83419807356364,35.55439255631674,0.0,47.101655387669645
12,12.61688250951929,15.697373278481617,20.104703696457783,23.2453984779968,22.02470883881108,27.26699937132274,45.16623785599856,17.866435391822527,0.0,23.22145643676327
13,19.892814894012936,17.204704179062468,13.562649464415266,28.977089551538263,24.41463423092951,27.79464240575948,28.66647676804675,17.966238773074654,0.0,21.18383375552606
14,21.493991299098454,32.673894788843796,11.6603787219048,16.84665158957194,24.226399317602585,24.948287818838477,32.70202010380498,29.593936135622993,0.0,19.825690354081566
